%YAML:1.0
calibration_time: "Thu Jun 28 19:38:00 2018"
nframes: 7
image_width: 1280
image_height: 720
board_width: 11
board_height: 8
square_size: 2.3000000044703484e-02
aspectRatio: 1.
flags: 2
camera_matrix: !!opencv-matrix
   rows: 3
   cols: 3
   dt: d
   data: [ 9.2181097729886585e+02, 0., 6.4501167446045258e+02, 0.,
       9.2181097729886585e+02, 3.5592740929453697e+02, 0., 0., 1. ]
distortion_coefficients: !!opencv-matrix
   rows: 5
   cols: 1
   dt: d
   data: [ 8.0723494101624105e-02, 2.4866030061805774e-01,
       3.8600248264232945e-03, 5.2159033541558731e-03,
       -1.3224738420873994e+00 ]
